continentName;continentPopulation1970;continentPopulation2022;changeInPopulation1970To2022(%)
Asia;2144906290;4721383274;120,12072490122634
Africa;365444348;1426730932;290,4099050397682
SouthAmerica;192947156;436816608;126,39183549303002
NorthAmerica;315434606;600296136;90,30763415983597
Europe;655923991;743147538;13,297813191284845
Oceania;19480270;45038554;131,20087144582698

continentName;continentPopulation2020;continentPopulation2022;changeInPopulation2020To2022(%)
Asia;4663086535;4721383274;1,250174933757691
Africa;1360671810;1426730932;4,854890173700298
SouthAmerica;431530043;436816608;1,225074612012591
NorthAmerica;594236593;600296136;1,019718925320376
Europe;745792196;743147538;-0,3546105757320106
Oceania;43933426;45038554;2,5154605516082427
worldPopulation2022 : 7973413042

continentName;continentPopulation2022;percentPopulationShareWorld(%)
Asia;4663086535;59,21408121127158
Africa;1360671810;17,8936037112926
SouthAmerica;431530043;5,478414396683903
NorthAmerica;594236593;7,528722428374607
Europe;745792196;9,320319091529136
Oceania;43933426;0,5648591608481732

continentName;continentPop1970;pop1980;pop1990;pop2000;pop2010;pop2015;pop2020;pop2022
Asia;2144906290;2635334228;3210563577;3735089604;4220041327;4458250182;4663086535;4721383274;
Africa;365444348;481536377;638150629;818946032;1055228072;1201102442;1360671810;1426730932;
SouthAmerica;192947156;241789006;297146415;349634282;393078250;413134396;431530043;436816608;
NorthAmerica;315434606;368293361;421266425;486069584;542720651;570383850;594236593;600296136;
Europe;655923991;692527159;720320797;726093423;735613934;741535608;745792196;743147538;
Oceania;19480270;22920240;26743822;31222778;37102764;40403283;43933426;45038554;
